47
332
162
469
388
189
277
275
313
264
575
654
188
302
337
146
572
510
319
465
270
234
435
26
439
656
329
334
144
327
521
586
125
281
467
359
432
573
273
283
150
21
262
226
512
355
118
241
691
279
351
282
299
520
228
692
519
508
507
513
238
358
437
689
532
25
386
434
126
326
509
387
438
515
376
528
160
333
276
325
231
531
301
320
239
511
328
588
269
797
260
284
192
232
242
225
368
51
793
338
331
655
227
147
323
585
322
587
354
796
798
518
149
330
589
23
517
362
274
529
261
336
385
148
514
190
300
466
360
145
361
117
574
191
96
49
240
690
506
164
166
792
229
48
298
272
163
516
693
50
124
795
352
159
353
235
278
141
440
167
436
24
233
530
571
468
321
165
22
271
280
384
653
230
794
285
158
657
324
335
433
143
142
161
286
431
263
