679
244
62
196
701
245
157
790
4
291
42
458
473
504
345
186
119
778
128
374
130
540
184
247
464
201
292
505
500
768
699
185
547
13
120
183
212
193
41
65
712
496
127
64
707
711
199
347
94
495
463
348
198
63
215
246
490
204
695
710
782
15
775
114
546
95
472
459
499
704
202
492
538
457
700
195
777
77
486
550
5
776
187
549
453
697
542
708
115
2
548
131
121
539
346
781
503
772
217
12
79
344
774
706
107
698
288
6
676
112
678
460
14
213
474
462
375
200
109
491
3
694
543
456
709
705
541
545
489
110
289
455
129
210
493
494
454
122
423
216
770
211
702
123
779
1
0
769
498
11
696
197
113
501
544
551
243
471
488
111
461
194
290
203
773
780
759
713
497
78
108
43
470
487
209
703
208
677
760
116
680
771
502
214
