316
557
413
349
801
134
177
523
306
392
783
317
659
307
660
742
661
786
44
169
445
805
312
132
808
315
591
296
314
578
293
749
537
339
577
658
448
135
525
662
756
414
418
787
412
389
751
175
670
416
174
747
663
341
483
133
744
449
357
176
481
522
475
568
305
295
576
748
398
524
156
417
569
45
556
102
303
484
590
811
311
799
173
736
807
559
415
789
752
534
476
207
420
669
451
258
560
664
594
390
803
309
592
46
567
666
206
746
136
342
480
593
579
446
104
168
527
806
450
753
570
482
478
444
181
395
802
561
452
294
788
665
205
394
667
259
182
477
178
304
447
785
419
397
179
391
810
743
558
180
396
668
750
754
308
479
422
526
318
443
784
340
421
533
442
809
171
105
170
536
310
172
745
411
393
800
297
441
103
343
106
485
350
804
535
755
