722
16
595
764
70
762
138
633
365
87
726
430
224
646
369
621
409
17
632
732
609
636
631
400
603
54
643
634
61
614
604
716
36
237
287
219
765
20
101
30
58
638
221
356
405
252
151
99
265
40
734
407
767
69
622
38
616
39
37
652
81
366
620
718
370
372
740
68
72
373
618
761
67
630
596
613
424
256
598
28
90
730
27
379
257
410
404
766
714
86
371
250
717
83
88
57
601
757
427
152
18
98
758
92
222
626
583
647
599
383
605
738
93
89
73
75
10
642
403
249
649
429
635
406
739
139
719
34
382
737
610
140
31
608
29
80
255
729
611
597
617
56
645
627
399
35
721
91
644
624
725
731
60
220
615
628
268
606
55
612
637
52
763
426
137
33
623
381
74
59
82
651
155
367
580
735
364
19
8
720
154
71
254
76
251
66
641
363
727
84
723
100
581
584
153
648
640
85
639
223
7
602
408
253
741
402
236
267
728
629
715
600
650
625
582
378
248
266
428
9
53
733
425
97
401
724
377
218
619
32
607
380
